86	0	1	1	145.289855
86	0	1	2	144.240605
86	0	1	3	144.925187
86	0	1	4	157.738906
86	0	1	5	161.875796
86	0	1	6	158.279091
86	0	1	7	159.588422
86	0	1	8	158.950634
86	0	1	9	157.769478
86	0	1	10	116.600874
86	0	1	11	116.796912
86	0	1	12	116.093612
86	0	1	13	117.900517
86	0	1	14	116.034111
86	0	1	15	116.897342
86	0	1	16	116.055456
86	0	1	17	116.603504
86	0	1	18	115.709461
86	0	1	19	115.048057
86	0	1	20	115.164172
86	0	1	21	117.142585
86	0	1	22	116.894184
86	0	1	23	117.396241
86	0	1	24	115.694939
86	0	1	25	117.535428
86	0	1	26	117.110399
86	0	1	27	116.484077
86	0	1	28	116.591639
86	0	1	29	118.267847
86	0	1	30	116.292719
86	0	1	31	119.146685
86	0	2	1	146.915087
86	0	2	2	147.556185
86	0	2	3	143.978837
86	0	2	4	158.124838
86	0	2	5	160.501523
86	0	2	6	157.068107
86	0	2	7	161.583815
86	0	2	8	160.899625
86	0	2	9	162.297532
86	0	2	10	118.379662
86	0	2	11	116.863402
86	0	2	12	116.300405
86	0	2	13	115.093236
86	0	2	14	116.082307
86	0	2	15	115.229104
86	0	2	16	115.668563
86	0	2	17	114.953792
86	0	2	18	115.953009
86	0	2	19	114.967613
86	0	2	20	116.572886
86	0	2	21	113.615712
86	0	2	22	115.877684
86	0	2	23	115.911027
86	0	2	24	115.262847
86	0	2	25	117.224597
86	0	2	26	115.982251
86	0	2	27	115.228069
86	0	2	28	115.785105
86	0	2	29	117.587610
86	0	2	30	115.519608
86	0	2	31	115.470695
86	0	3	1	148.111809
86	0	3	2	144.397995
86	0	3	3	144.761613
86	0	3	4	155.885818
86	0	3	5	159.307163
86	0	3	6	158.381662
86	0	3	7	158.298831
86	0	3	8	160.089470
86	0	3	9	161.520132
86	0	3	10	116.923445
86	0	3	11	115.059549
86	0	3	12	116.183579
86	0	3	13	118.578222
86	0	3	14	115.871041
86	0	3	15	94.064459
86	0	3	16	117.450421
86	0	3	17	113.369571
86	0	3	18	118.634757
86	0	3	19	117.282236
86	0	3	20	118.022849
86	0	3	21	117.442001
86	0	3	22	116.739260
86	0	3	23	116.416980
86	0	3	24	116.276982
86	0	3	25	115.698536
86	0	3	26	114.665502
86	0	3	27	116.852085
86	0	3	28	115.708814
86	0	3	29	117.485838
86	0	3	30	116.952842
86	0	3	31	116.484325
86	0	4	1	148.004718
86	0	4	2	145.402833
86	0	4	3	147.041161
86	0	4	4	165.919913
86	0	4	5	167.087657
86	0	4	6	162.016008
86	0	4	7	159.056658
86	0	4	8	160.952692
86	0	4	9	159.576766
86	0	4	10	116.340335
86	0	4	11	115.571908
86	0	4	12	116.674755
86	0	4	13	117.023073
86	0	4	14	115.094236
86	0	4	15	117.491620
86	0	4	16	111.480171
86	0	4	17	116.871647
86	0	4	18	117.514876
86	0	4	19	117.123691
86	0	4	20	117.714008
86	0	4	21	118.521284
86	0	4	22	117.065441
86	0	4	23	116.728938
86	0	4	24	119.071553
86	0	4	25	117.528362
86	0	4	26	118.466908
86	0	4	27	118.670705
86	0	4	28	118.807844
86	0	4	29	118.993326
86	0	4	30	118.743066
86	0	4	31	117.943769
86	0	5	1	145.591839
86	0	5	2	148.838262
86	0	5	3	147.239689
86	0	5	4	161.742126
86	0	5	5	162.600330
86	0	5	6	161.709732
86	0	5	7	162.343889
86	0	5	8	161.013082
86	0	5	9	159.911778
86	0	5	10	116.282231
86	0	5	11	115.549244
86	0	5	12	117.299538
86	0	5	13	116.035575
86	0	5	14	115.553759
86	0	5	15	115.691784
86	0	5	16	117.718527
86	0	5	17	117.736395
86	0	5	18	116.368400
86	0	5	19	117.801535
86	0	5	20	116.987659
86	0	5	21	118.892427
86	0	5	22	116.156358
86	0	5	23	118.456919
86	0	5	24	117.154941
86	0	5	25	116.964383
86	0	5	26	115.198569
86	0	5	27	117.332894
86	0	5	28	115.390962
86	0	5	29	118.499486
86	0	5	30	116.012389
86	0	5	31	117.846937
86	0	6	1	141.403369
86	0	6	2	144.369989
86	0	6	3	145.265640
86	0	6	4	159.595573
86	0	6	5	159.175509
86	0	6	6	159.637650
86	0	6	7	161.158452
86	0	6	8	157.175933
86	0	6	9	158.941358
86	0	6	10	114.367053
86	0	6	11	113.000877
86	0	6	12	116.411116
86	0	6	13	115.602226
86	0	6	14	117.042744
86	0	6	15	115.201141
86	0	6	16	118.558616
86	0	6	17	117.300498
86	0	6	18	117.342915
86	0	6	19	117.253504
86	0	6	20	118.883144
86	0	6	21	116.606160
86	0	6	22	119.774567
86	0	6	23	116.157458
86	0	6	24	117.408699
86	0	6	25	117.592996
86	0	6	26	115.587634
86	0	6	27	117.170538
86	0	6	28	117.075179
86	0	6	29	116.629882
86	0	6	30	115.010723
86	0	6	31	114.321135
86	0	7	1	146.953588
86	0	7	2	143.394382
86	0	7	3	145.417302
86	0	7	4	167.507081
86	0	7	5	163.293862
86	0	7	6	164.402350
86	0	7	7	165.513672
86	0	7	8	161.441708
86	0	7	9	158.394306
86	0	7	10	114.648124
86	0	7	11	117.680140
86	0	7	12	115.375418
86	0	7	13	114.947275
86	0	7	14	116.033483
86	0	7	15	115.370389
86	0	7	16	114.861949
86	0	7	17	114.988386
86	0	7	18	113.937156
86	0	7	19	115.048381
86	0	7	20	115.419869
86	0	7	21	120.627575
86	0	7	22	119.321881
86	0	7	23	116.392744
86	0	7	24	116.487889
86	0	7	25	117.926677
86	0	7	26	116.973951
86	0	7	27	113.513014
86	0	7	28	116.043404
86	0	7	29	114.030497
86	0	7	30	115.908623
86	0	7	31	116.162615
86	0	8	1	145.303175
86	0	8	2	144.509966
86	0	8	3	144.940118
86	0	8	4	160.430722
86	0	8	5	159.484230
86	0	8	6	160.083324
86	0	8	7	158.256368
86	0	8	8	160.877895
86	0	8	9	157.959240
86	0	8	10	116.086413
86	0	8	11	115.836748
86	0	8	12	116.085300
86	0	8	13	116.005111
86	0	8	14	115.493696
86	0	8	15	116.089048
86	0	8	16	115.009526
86	0	8	17	114.738298
86	0	8	18	114.805378
86	0	8	19	113.864456
86	0	8	20	117.760322
86	0	8	21	115.745156
86	0	8	22	116.891916
86	0	8	23	114.272423
86	0	8	24	115.932692
86	0	8	25	116.956522
86	0	8	26	115.199277
86	0	8	27	118.109586
86	0	8	28	117.439515
86	0	8	29	117.225443
86	0	8	30	116.454761
86	0	8	31	115.857456
86	0	9	1	146.006793
86	0	9	2	149.232340
86	0	9	3	148.113358
86	0	9	4	161.700609
86	0	9	5	165.931738
86	0	9	6	160.110385
86	0	9	7	164.474533
86	0	9	8	160.396412
86	0	9	9	164.294676
86	0	9	10	120.520106
86	0	9	11	118.073316
86	0	9	12	115.837079
86	0	9	13	118.020411
86	0	9	14	116.418987
86	0	9	15	117.886030
86	0	9	16	116.939393
86	0	9	17	118.113074
86	0	9	18	117.342903
86	0	9	19	119.088895
86	0	9	20	116.819371
86	0	9	21	118.708435
86	0	9	22	117.077947
86	0	9	23	119.193578
86	0	9	24	116.301530
86	0	9	25	117.825855
86	0	9	26	116.645284
86	0	9	27	116.557123
86	0	9	28	115.892573
86	0	9	29	116.644152
86	0	9	30	117.507263
86	0	9	31	115.534147
86	0	10	1	150.511496
86	0	10	2	148.615653
86	0	10	3	144.436589
86	0	10	4	164.013653
86	0	10	5	155.356019
86	0	10	6	157.078596
86	0	10	7	156.207793
86	0	10	8	160.741201
86	0	10	9	157.213767
86	0	10	10	117.103603
86	0	10	11	116.778536
86	0	10	12	117.126361
86	0	10	13	118.031606
86	0	10	14	116.378256
86	0	10	15	116.753985
86	0	10	16	115.990964
86	0	10	17	115.940074
86	0	10	18	120.328208
86	0	10	19	116.150370
86	0	10	20	116.518933
86	0	10	21	117.309633
86	0	10	22	117.879704
86	0	10	23	119.936047
86	0	10	24	117.171818
86	0	10	25	117.313531
86	0	10	26	115.765641
86	0	10	27	116.035865
86	0	10	28	116.157893
86	0	10	29	117.075701
86	0	10	30	116.668280
86	0	10	31	117.844838
86	0	11	1	147.999893
86	0	11	2	147.017292
86	0	11	3	145.311112
86	0	11	4	160.500755
86	0	11	5	164.659207
86	0	11	6	158.785259
86	0	11	7	158.074203
86	0	11	8	157.395261
86	0	11	9	159.404877
86	0	11	10	115.532809
86	0	11	11	115.684923
86	0	11	12	115.047973
86	0	11	13	116.197963
86	0	11	14	116.610564
86	0	11	15	116.071938
86	0	11	16	115.433383
86	0	11	17	116.819816
86	0	11	18	116.905335
86	0	11	19	117.789397
86	0	11	20	116.694204
86	0	11	21	117.583607
86	0	11	22	116.305171
86	0	11	23	119.357700
86	0	11	24	115.419211
86	0	11	25	114.470084
86	0	11	26	115.092277
86	0	11	27	116.662550
86	0	11	28	117.244982
86	0	11	29	117.097938
86	0	11	30	115.492431
86	0	11	31	118.836511
86	0	12	1	149.869840
86	0	12	2	145.571157
86	0	12	3	146.369017
86	0	12	4	160.581829
86	0	12	5	157.895520
86	0	12	6	162.758226
86	0	12	7	158.713476
86	0	12	8	162.316042
86	0	12	9	160.264246
86	0	12	10	118.341441
86	0	12	11	116.858459
86	0	12	12	116.016470
86	0	12	13	116.174508
86	0	12	14	116.178676
86	0	12	15	116.257608
86	0	12	16	116.746948
86	0	12	17	115.758813
86	0	12	18	116.733429
86	0	12	19	116.036399
86	0	12	20	117.313241
86	0	12	21	116.397320
86	0	12	22	117.200294
86	0	12	23	117.462210
86	0	12	24	114.525005
86	0	12	25	116.093797
86	0	12	26	114.068771
86	0	12	27	113.889044
86	0	12	28	115.786565
86	0	12	29	115.287231
86	0	12	30	113.950624
86	0	12	31	114.854353
86	1	1	1	150.349898
86	1	1	2	145.005364
86	1	1	3	147.117884
86	1	1	4	162.985947
86	1	1	5	160.075998
86	1	1	6	160.701177
86	1	1	7	164.504255
86	1	1	8	160.987236
86	1	1	9	161.651411
86	1	1	10	115.516496
86	1	1	11	115.317483
86	1	1	12	115.066593
86	1	1	13	116.998081
86	1	1	14	114.436959
86	1	1	15	115.998071
86	1	1	16	116.590792
86	1	1	17	117.611616
86	1	1	18	117.577488
86	1	1	19	115.651984
86	1	1	20	115.449010
86	1	1	21	116.387938
86	1	1	22	115.065293
86	1	1	23	116.932592
86	1	1	24	115.112995
86	1	1	25	116.561885
86	1	1	26	116.125831
86	1	1	27	116.100684
86	1	1	28	115.141751
86	1	1	29	115.471164
86	1	1	30	114.492946
86	1	1	31	115.233919
86	1	2	1	144.527391
86	1	2	2	145.411564
86	1	2	3	148.445437
86	1	2	4	161.390686
86	1	2	5	162.112701
86	1	2	6	160.034368
86	1	2	7	164.747611
86	1	2	8	160.375949
86	1	2	9	163.373123
86	1	2	10	118.645552
86	1	2	11	117.650888
86	1	2	12	117.071930
86	1	2	13	119.364945
86	1	2	14	118.489522
86	1	2	15	117.857216
86	1	2	16	117.803203
86	1	2	17	117.574896
86	1	2	18	116.534793
86	1	2	19	117.451086
86	1	2	20	115.325655
86	1	2	21	118.642962
86	1	2	22	117.431468
86	1	2	23	117.774070
86	1	2	24	115.225715
86	1	2	25	116.760040
86	1	2	26	116.811981
86	1	2	27	116.306692
86	1	2	28	117.784501
86	1	2	29	116.302434
86	1	2	30	115.806890
86	1	2	31	115.449291
86	1	3	1	146.509357
86	1	3	2	148.818447
86	1	3	3	147.993598
86	1	3	4	168.481790
86	1	3	5	166.863684
86	1	3	6	164.131322
86	1	3	7	160.991118
86	1	3	8	162.517436
86	1	3	9	156.799441
86	1	3	10	118.087595
86	1	3	11	117.840520
86	1	3	12	119.721410
86	1	3	13	118.368135
86	1	3	14	115.163443
86	1	3	15	117.752950
86	1	3	16	114.363535
86	1	3	17	115.954529
86	1	3	18	113.998536
86	1	3	19	117.103075
86	1	3	20	114.721261
86	1	3	21	115.982453
86	1	3	22	115.230923
86	1	3	23	117.964309
86	1	3	24	117.831557
86	1	3	25	116.329898
86	1	3	26	118.607191
86	1	3	27	116.283735
86	1	3	28	117.991831
86	1	3	29	116.161127
86	1	3	30	118.547333
86	1	3	31	117.309957
86	1	4	1	154.192463
86	1	4	2	144.796088
86	1	4	3	148.450293
86	1	4	4	161.311721
86	1	4	5	157.962379
86	1	4	6	161.532816
86	1	4	7	160.986151
86	1	4	8	162.343292
86	1	4	9	164.642974
86	1	4	10	118.582220
86	1	4	11	118.131219
86	1	4	12	116.172670
86	1	4	13	117.512126
86	1	4	14	121.322879
86	1	4	15	116.964425
86	1	4	16	116.690324
86	1	4	17	118.838056
86	1	4	18	118.331314
86	1	4	19	118.331314
86	1	4	20	118.538070
86	1	4	21	117.152463
86	1	4	22	116.456890
86	1	4	23	118.184399
86	1	4	24	119.766234
86	1	4	25	118.969576
86	1	4	26	118.424013
86	1	4	27	119.196338
86	1	4	28	118.447711
86	1	4	29	118.158883
86	1	4	30	117.718567
86	1	4	31	116.819494
86	1	5	1	140.760038
86	1	5	2	147.161297
86	1	5	3	147.295768
86	1	5	4	156.668736
86	1	5	5	161.668093
86	1	5	6	161.635378
86	1	5	7	162.775153
86	1	5	8	160.265438
86	1	5	9	160.568924
86	1	5	10	117.520281
86	1	5	11	117.477459
86	1	5	12	118.171740
86	1	5	13	116.681000
86	1	5	14	115.199253
86	1	5	15	117.271127
86	1	5	16	115.526526
86	1	5	17	116.047041
86	1	5	18	117.167600
86	1	5	19	116.328434
86	1	5	20	116.692330
86	1	5	21	117.113676
86	1	5	22	116.171435
86	1	5	23	112.203305
86	1	5	24	117.160675
86	1	5	25	116.896559
86	1	5	26	115.136229
86	1	5	27	115.678102
86	1	5	28	114.557557
86	1	5	29	116.604023
86	1	5	30	113.707149
86	1	5	31	117.126769
86	1	6	1	150.266139
86	1	6	2	146.198709
86	1	6	3	147.263272
86	1	6	4	158.248408
86	1	6	5	159.840063
86	1	6	6	162.817697
86	1	6	7	164.974045
86	1	6	8	163.610439
86	1	6	9	163.119552
86	1	6	10	119.646308
86	1	6	11	117.931244
86	1	6	12	117.548371
86	1	6	13	115.995845
86	1	6	14	116.582154
86	1	6	15	115.784599
86	1	6	16	116.877617
86	1	6	17	117.720290
86	1	6	18	116.463391
86	1	6	19	119.196719
86	1	6	20	118.448170
86	1	6	21	118.409143
86	1	6	22	120.529206
86	1	6	23	118.439007
86	1	6	24	117.389810
86	1	6	25	118.428862
86	1	6	26	117.935534
86	1	6	27	126.097014
86	1	6	28	117.842203
86	1	6	29	117.349463
86	1	6	30	117.026486
86	1	6	31	116.589515
86	1	7	1	149.657295
86	1	7	2	143.668739
86	1	7	3	148.341306
86	1	7	4	167.755133
86	1	7	5	162.113936
86	1	7	6	161.094522
86	1	7	7	163.358122
86	1	7	8	160.794601
86	1	7	9	164.735853
86	1	7	10	112.377990
86	1	7	11	117.414427
86	1	7	12	115.242062
86	1	7	13	117.724023
86	1	7	14	115.866876
86	1	7	15	116.818232
86	1	7	16	117.376273
86	1	7	17	117.526788
86	1	7	18	117.646071
86	1	7	19	116.893665
86	1	7	20	116.860872
86	1	7	21	115.376718
86	1	7	22	116.818348
86	1	7	23	116.195610
86	1	7	24	117.531134
86	1	7	25	116.422135
86	1	7	26	117.052744
86	1	7	27	117.175134
86	1	7	28	116.810792
86	1	7	29	117.469072
86	1	7	30	116.528482
86	1	7	31	117.313962
86	1	8	1	152.626858
86	1	8	2	147.967327
86	1	8	3	145.760553
86	1	8	4	162.369231
86	1	8	5	161.977525
86	1	8	6	163.603971
86	1	8	7	162.561802
86	1	8	8	158.756056
86	1	8	9	159.790849
86	1	8	10	118.661433
86	1	8	11	114.478490
86	1	8	12	116.432127
86	1	8	13	115.745884
86	1	8	14	116.470142
86	1	8	15	116.262895
86	1	8	16	117.210061
86	1	8	17	116.524667
86	1	8	18	115.672911
86	1	8	19	118.234067
86	1	8	20	117.734561
86	1	8	21	118.255393
86	1	8	22	117.904502
86	1	8	23	118.023143
86	1	8	24	119.118381
86	1	8	25	118.833991
86	1	8	26	117.355179
86	1	8	27	116.305168
86	1	8	28	117.548004
86	1	8	29	116.324945
86	1	8	30	117.043192
86	1	8	31	117.897691
86	1	9	1	157.652405
86	1	9	2	144.292261
86	1	9	3	145.421738
86	1	9	4	159.738050
86	1	9	5	161.499630
86	1	9	6	161.499630
86	1	9	7	159.402992
86	1	9	8	157.519334
86	1	9	9	162.900224
86	1	9	10	115.907833
86	1	9	11	116.062787
86	1	9	12	114.709771
86	1	9	13	116.358102
86	1	9	14	115.037605
86	1	9	15	116.270729
86	1	9	16	117.711100
86	1	9	17	125.839117
86	1	9	18	115.771348
86	1	9	19	117.528073
86	1	9	20	119.009123
86	1	9	21	118.351732
86	1	9	22	118.702126
86	1	9	23	119.364310
86	1	9	24	116.252221
86	1	9	25	114.777346
86	1	9	26	117.023702
86	1	9	27	116.458348
86	1	9	28	117.253963
86	1	9	29	118.031013
86	1	9	30	117.894049
86	1	9	31	119.009184
86	1	10	1	151.381138
86	1	10	2	144.327615
86	1	10	3	144.108900
86	1	10	4	163.926290
86	1	10	5	165.499376
86	1	10	6	165.461754
86	1	10	7	167.067275
86	1	10	8	166.702190
86	1	10	9	163.402254
86	1	10	10	118.159057
86	1	10	11	116.399124
86	1	10	12	119.351769
86	1	10	13	116.434391
86	1	10	14	118.177805
86	1	10	15	118.012999
86	1	10	16	116.887714
86	1	10	17	116.004704
86	1	10	18	117.134833
86	1	10	19	116.865500
86	1	10	20	117.655298
86	1	10	21	116.673921
86	1	10	22	117.125206
86	1	10	23	118.083804
86	1	10	24	117.116475
86	1	10	25	118.464884
86	1	10	26	119.638844
86	1	10	27	117.097115
86	1	10	28	116.424453
86	1	10	29	116.993731
86	1	10	30	116.493686
86	1	10	31	117.711455
86	1	11	1	152.008543
86	1	11	2	147.220211
86	1	11	3	147.842109
86	1	11	4	160.305058
86	1	11	5	164.260968
86	1	11	6	159.761412
86	1	11	7	159.948346
86	1	11	8	161.608285
86	1	11	9	161.603157
86	1	11	10	118.663127
86	1	11	11	117.522180
86	1	11	12	115.984317
86	1	11	13	117.185647
86	1	11	14	116.764281
86	1	11	15	119.165430
86	1	11	16	118.785638
86	1	11	17	115.932334
86	1	11	18	118.112556
86	1	11	19	118.100390
86	1	11	20	117.547135
86	1	11	21	118.588799
86	1	11	22	118.356237
86	1	11	23	118.435885
86	1	11	24	117.624420
86	1	11	25	118.437673
86	1	11	26	117.551790
86	1	11	27	117.632175
86	1	11	28	118.298658
86	1	11	29	117.797466
86	1	11	30	117.680305
86	1	11	31	116.819928
86	1	12	1	148.881296
86	1	12	2	145.705875
86	1	12	3	141.426732
86	1	12	4	162.149210
86	1	12	5	160.056721
86	1	12	6	162.794227
86	1	12	7	163.437488
86	1	12	8	164.916090
86	1	12	9	161.877844
86	1	12	10	120.954702
86	1	12	11	117.876687
86	1	12	12	119.083873
86	1	12	13	118.851359
86	1	12	14	119.914401
86	1	12	15	119.214953
86	1	12	16	116.879951
86	1	12	17	114.340318
86	1	12	18	118.903229
86	1	12	19	116.780451
86	1	12	20	118.155680
86	1	12	21	116.374598
86	1	12	22	117.924217
86	1	12	23	116.616845
86	1	12	24	118.537340
86	1	12	25	116.897942
86	1	12	26	117.768589
86	1	12	27	117.563522
86	1	12	28	116.245080
86	1	12	29	118.141423
86	1	12	30	116.562848
86	1	12	31	116.295114