114	0	1	1	145.289855
114	0	1	2	144.240605
114	0	1	3	144.925187
114	0	1	4	157.738906
114	0	1	5	161.875796
114	0	1	6	158.279091
114	0	1	7	159.588422
114	0	1	8	158.950634
114	0	1	9	157.769478
114	0	1	10	116.600874
114	0	1	11	116.796912
114	0	1	12	116.093612
114	0	1	13	117.900517
114	0	1	14	116.034111
114	0	1	15	116.897342
114	0	1	16	116.055456
114	0	1	17	116.603504
114	0	1	18	115.709461
114	0	1	19	115.048057
114	0	1	20	115.164172
114	0	1	21	117.142585
114	0	1	22	116.894184
114	0	1	23	117.396241
114	0	1	24	115.694939
114	0	1	25	117.535428
114	0	1	26	117.110399
114	0	1	27	116.484077
114	0	1	28	116.591639
114	0	1	29	118.267847
114	0	1	30	116.292719
114	0	1	31	119.146685
114	0	2	1	146.915087
114	0	2	2	147.556185
114	0	2	3	143.978837
114	0	2	4	158.124838
114	0	2	5	160.501523
114	0	2	6	157.068107
114	0	2	7	158.120039
114	0	2	8	160.899625
114	0	2	9	162.297532
114	0	2	10	117.210970
114	0	2	11	116.863402
114	0	2	12	116.300405
114	0	2	13	115.093236
114	0	2	14	116.082307
114	0	2	15	115.229104
114	0	2	16	115.668563
114	0	2	17	114.953792
114	0	2	18	115.953009
114	0	2	19	114.967613
114	0	2	20	116.572886
114	0	2	21	113.615712
114	0	2	22	115.877684
114	0	2	23	115.911027
114	0	2	24	115.262847
114	0	2	25	117.224597
114	0	2	26	115.982251
114	0	2	27	115.228069
114	0	2	28	115.785105
114	0	2	29	117.587610
114	0	2	30	115.519608
114	0	2	31	115.470695
114	0	3	1	148.111809
114	0	3	2	144.397995
114	0	3	3	144.761613
114	0	3	4	155.885818
114	0	3	5	159.307163
114	0	3	6	158.381662
114	0	3	7	158.298831
114	0	3	8	160.089470
114	0	3	9	161.520132
114	0	3	10	116.923445
114	0	3	11	115.059549
114	0	3	12	116.183579
114	0	3	13	118.578222
114	0	3	14	115.871041
114	0	3	15	94.064459
114	0	3	16	117.450421
114	0	3	17	113.369571
114	0	3	18	118.634757
114	0	3	19	117.282236
114	0	3	20	118.022849
114	0	3	21	117.442001
114	0	3	22	116.739260
114	0	3	23	116.416980
114	0	3	24	116.276982
114	0	3	25	115.698536
114	0	3	26	114.665502
114	0	3	27	116.852085
114	0	3	28	115.708814
114	0	3	29	117.485838
114	0	3	30	116.952842
114	0	3	31	116.484325
114	0	4	1	148.004718
114	0	4	2	145.402833
114	0	4	3	147.041161
114	0	4	4	165.919913
114	0	4	5	167.087657
114	0	4	6	162.016008
114	0	4	7	159.056658
114	0	4	8	160.952692
114	0	4	9	159.576766
114	0	4	10	116.340335
114	0	4	11	115.571908
114	0	4	12	116.674755
114	0	4	13	117.023073
114	0	4	14	115.094236
114	0	4	15	117.491620
114	0	4	16	111.480171
114	0	4	17	116.871647
114	0	4	18	117.514876
114	0	4	19	117.123691
114	0	4	20	117.714008
114	0	4	21	118.521284
114	0	4	22	117.065441
114	0	4	23	116.728938
114	0	4	24	119.071553
114	0	4	25	117.528362
114	0	4	26	118.466908
114	0	4	27	118.670705
114	0	4	28	118.807844
114	0	4	29	118.993326
114	0	4	30	118.743066
114	0	4	31	117.943769
114	0	5	1	145.591839
114	0	5	2	148.838262
114	0	5	3	147.239689
114	0	5	4	161.742126
114	0	5	5	162.600330
114	0	5	6	161.709732
114	0	5	7	162.343889
114	0	5	8	161.013082
114	0	5	9	159.911778
114	0	5	10	116.282231
114	0	5	11	115.549244
114	0	5	12	117.299538
114	0	5	13	116.035575
114	0	5	14	115.553759
114	0	5	15	115.691784
114	0	5	16	117.718527
114	0	5	17	117.736395
114	0	5	18	116.368400
114	0	5	19	117.801535
114	0	5	20	116.987659
114	0	5	21	118.892427
114	0	5	22	116.156358
114	0	5	23	118.456919
114	0	5	24	117.154941
114	0	5	25	116.964383
114	0	5	26	115.198569
114	0	5	27	117.332894
114	0	5	28	115.390962
114	0	5	29	118.499486
114	0	5	30	116.012389
114	0	5	31	117.846937
114	0	6	1	141.403369
114	0	6	2	144.369989
114	0	6	3	145.265640
114	0	6	4	159.595573
114	0	6	5	159.175509
114	0	6	6	159.637650
114	0	6	7	161.158452
114	0	6	8	157.175933
114	0	6	9	158.941358
114	0	6	10	114.367053
114	0	6	11	113.000877
114	0	6	12	116.411116
114	0	6	13	115.602226
114	0	6	14	117.042744
114	0	6	15	115.201141
114	0	6	16	118.558616
114	0	6	17	117.300498
114	0	6	18	117.342915
114	0	6	19	117.253504
114	0	6	20	118.883144
114	0	6	21	114.785835
114	0	6	22	119.774567
114	0	6	23	116.157458
114	0	6	24	117.408699
114	0	6	25	116.078020
114	0	6	26	115.587634
114	0	6	27	117.170538
114	0	6	28	117.075179
114	0	6	29	116.629882
114	0	6	30	115.010723
114	0	6	31	114.321135
114	0	7	1	146.953588
114	0	7	2	143.394382
114	0	7	3	145.417302
114	0	7	4	167.507081
114	0	7	5	163.293862
114	0	7	6	164.402350
114	0	7	7	165.513672
114	0	7	8	161.441708
114	0	7	9	158.394306
114	0	7	10	114.648124
114	0	7	11	117.680140
114	0	7	12	115.375418
114	0	7	13	114.947275
114	0	7	14	116.033483
114	0	7	15	115.370389
114	0	7	16	114.861949
114	0	7	17	114.988386
114	0	7	18	113.937156
114	0	7	19	115.048381
114	0	7	20	115.419869
114	0	7	21	120.627575
114	0	7	22	119.321881
114	0	7	23	116.392744
114	0	7	24	116.487889
114	0	7	25	117.926677
114	0	7	26	116.973951
114	0	7	27	113.513014
114	0	7	28	116.043404
114	0	7	29	114.030497
114	0	7	30	115.908623
114	0	7	31	116.162615
114	0	8	1	145.303175
114	0	8	2	144.509966
114	0	8	3	144.940118
114	0	8	4	160.430722
114	0	8	5	159.484230
114	0	8	6	160.083324
114	0	8	7	158.256368
114	0	8	8	160.877895
114	0	8	9	157.047457
114	0	8	10	116.086413
114	0	8	11	115.836748
114	0	8	12	116.085300
114	0	8	13	116.005111
114	0	8	14	115.493696
114	0	8	15	116.089048
114	0	8	16	115.009526
114	0	8	17	114.738298
114	0	8	18	114.805378
114	0	8	19	113.864456
114	0	8	20	117.760322
114	0	8	21	115.745156
114	0	8	22	116.891916
114	0	8	23	114.272423
114	0	8	24	115.932692
114	0	8	25	116.956522
114	0	8	26	115.199277
114	0	8	27	118.109586
114	0	8	28	117.439515
114	0	8	29	117.225443
114	0	8	30	116.454761
114	0	8	31	115.857456
114	0	9	1	146.006793
114	0	9	2	149.232340
114	0	9	3	148.113358
114	0	9	4	161.700609
114	0	9	5	165.931738
114	0	9	6	160.110385
114	0	9	7	164.474533
114	0	9	8	160.396412
114	0	9	9	164.294676
114	0	9	10	120.520106
114	0	9	11	118.073316
114	0	9	12	115.837079
114	0	9	13	118.020411
114	0	9	14	116.418987
114	0	9	15	117.886030
114	0	9	16	116.939393
114	0	9	17	118.113074
114	0	9	18	117.342903
114	0	9	19	119.088895
114	0	9	20	116.819371
114	0	9	21	118.708435
114	0	9	22	117.077947
114	0	9	23	119.193578
114	0	9	24	116.301530
114	0	9	25	117.825855
114	0	9	26	116.645284
114	0	9	27	116.557123
114	0	9	28	115.892573
114	0	9	29	116.644152
114	0	9	30	117.507263
114	0	9	31	115.534147
114	0	10	1	150.511496
114	0	10	2	148.615653
114	0	10	3	144.436589
114	0	10	4	164.013653
114	0	10	5	155.356019
114	0	10	6	157.078596
114	0	10	7	156.207793
114	0	10	8	160.741201
114	0	10	9	157.213767
114	0	10	10	116.686519
114	0	10	11	116.778536
114	0	10	12	117.126361
114	0	10	13	118.031606
114	0	10	14	116.378256
114	0	10	15	116.753985
114	0	10	16	115.990964
114	0	10	17	115.940074
114	0	10	18	120.328208
114	0	10	19	116.150370
114	0	10	20	116.518933
114	0	10	21	117.309633
114	0	10	22	117.879704
114	0	10	23	119.936047
114	0	10	24	117.171818
114	0	10	25	117.313531
114	0	10	26	115.765641
114	0	10	27	116.035865
114	0	10	28	116.157893
114	0	10	29	117.075701
114	0	10	30	116.668280
114	0	10	31	117.844838
114	0	11	1	147.999893
114	0	11	2	147.017292
114	0	11	3	145.311112
114	0	11	4	160.500755
114	0	11	5	164.659207
114	0	11	6	158.785259
114	0	11	7	158.074203
114	0	11	8	157.395261
114	0	11	9	159.404877
114	0	11	10	115.532809
114	0	11	11	115.684923
114	0	11	12	115.047973
114	0	11	13	116.197963
114	0	11	14	116.610564
114	0	11	15	116.071938
114	0	11	16	115.433383
114	0	11	17	116.819816
114	0	11	18	116.905335
114	0	11	19	117.789397
114	0	11	20	115.247658
114	0	11	21	117.583607
114	0	11	22	116.305171
114	0	11	23	121.430110
114	0	11	24	115.419211
114	0	11	25	114.470084
114	0	11	26	115.092277
114	0	11	27	116.662550
114	0	11	28	117.244982
114	0	11	29	117.097938
114	0	11	30	115.492431
114	0	11	31	118.836511
114	0	12	1	149.869840
114	0	12	2	145.571157
114	0	12	3	146.369017
114	0	12	4	160.581829
114	0	12	5	157.895520
114	0	12	6	162.758226
114	0	12	7	158.713476
114	0	12	8	162.316042
114	0	12	9	160.264246
114	0	12	10	118.341441
114	0	12	11	116.858459
114	0	12	12	116.016470
114	0	12	13	116.174508
114	0	12	14	116.178676
114	0	12	15	116.257608
114	0	12	16	116.746948
114	0	12	17	115.758813
114	0	12	18	116.733429
114	0	12	19	116.036399
114	0	12	20	117.313241
114	0	12	21	116.397320
114	0	12	22	117.200294
114	0	12	23	117.462210
114	0	12	24	114.525005
114	0	12	25	116.093797
114	0	12	26	114.068771
114	0	12	27	113.889044
114	0	12	28	115.786565
114	0	12	29	115.287231
114	0	12	30	113.950624
114	0	12	31	114.854353
114	1	1	1	150.349898
114	1	1	2	145.005364
114	1	1	3	147.117884
114	1	1	4	162.985947
114	1	1	5	160.075998
114	1	1	6	160.701177
114	1	1	7	164.504255
114	1	1	8	160.987236
114	1	1	9	161.651411
114	1	1	10	115.516496
114	1	1	11	115.317483
114	1	1	12	115.066593
114	1	1	13	116.998081
114	1	1	14	114.436959
114	1	1	15	115.998071
114	1	1	16	115.543574
114	1	1	17	116.594251
114	1	1	18	116.123030
114	1	1	19	114.474387
114	1	1	20	114.546763
114	1	1	21	114.856151
114	1	1	22	113.944878
114	1	1	23	115.424962
114	1	1	24	115.112995
114	1	1	25	116.561885
114	1	1	26	116.125831
114	1	1	27	116.100684
114	1	1	28	115.141751
114	1	1	29	115.471164
114	1	1	30	114.492946
114	1	1	31	115.233919
114	1	2	1	144.527391
114	1	2	2	145.411564
114	1	2	3	148.445437
114	1	2	4	163.344156
114	1	2	5	162.112701
114	1	2	6	160.034368
114	1	2	7	164.747611
114	1	2	8	160.375949
114	1	2	9	163.373123
114	1	2	10	118.645552
114	1	2	11	117.650888
114	1	2	12	117.071930
114	1	2	13	119.364945
114	1	2	14	118.489522
114	1	2	15	117.857216
114	1	2	16	117.803203
114	1	2	17	117.574896
114	1	2	18	116.534793
114	1	2	19	117.451086
114	1	2	20	115.325655
114	1	2	21	118.642962
114	1	2	22	117.431468
114	1	2	23	117.774070
114	1	2	24	115.225715
114	1	2	25	116.760040
114	1	2	26	116.811981
114	1	2	27	116.306692
114	1	2	28	117.784501
114	1	2	29	116.302434
114	1	2	30	115.806890
114	1	2	31	115.449291
114	1	3	1	146.509357
114	1	3	2	148.818447
114	1	3	3	147.993598
114	1	3	4	168.481790
114	1	3	5	166.863684
114	1	3	6	164.131322
114	1	3	7	160.991118
114	1	3	8	162.517436
114	1	3	9	156.799441
114	1	3	10	118.087595
114	1	3	11	117.840520
114	1	3	12	119.721410
114	1	3	13	118.368135
114	1	3	14	115.163443
114	1	3	15	117.752950
114	1	3	16	114.363535
114	1	3	17	115.954529
114	1	3	18	113.998536
114	1	3	19	117.103075
114	1	3	20	114.721261
114	1	3	21	115.982453
114	1	3	22	115.230923
114	1	3	23	117.964309
114	1	3	24	117.831557
114	1	3	25	116.329898
114	1	3	26	118.607191
114	1	3	27	116.283735
114	1	3	28	117.991831
114	1	3	29	116.161127
114	1	3	30	118.547333
114	1	3	31	117.309957
114	1	4	1	154.192463
114	1	4	2	144.796088
114	1	4	3	148.450293
114	1	4	4	161.311721
114	1	4	5	157.962379
114	1	4	6	161.532816
114	1	4	7	160.986151
114	1	4	8	162.343292
114	1	4	9	164.642974
114	1	4	10	118.582220
114	1	4	11	118.131219
114	1	4	12	116.172670
114	1	4	13	117.512126
114	1	4	14	121.322879
114	1	4	15	116.964425
114	1	4	16	116.690324
114	1	4	17	118.838056
114	1	4	18	118.331314
114	1	4	19	118.331314
114	1	4	20	118.538070
114	1	4	21	117.152463
114	1	4	22	116.456890
114	1	4	23	118.184399
114	1	4	24	119.766234
114	1	4	25	118.969576
114	1	4	26	118.424013
114	1	4	27	119.196338
114	1	4	28	118.447711
114	1	4	29	118.158883
114	1	4	30	117.718567
114	1	4	31	116.819494
114	1	5	1	140.760038
114	1	5	2	147.161297
114	1	5	3	147.295768
114	1	5	4	156.668736
114	1	5	5	161.668093
114	1	5	6	161.635378
114	1	5	7	162.775153
114	1	5	8	160.265438
114	1	5	9	160.568924
114	1	5	10	117.520281
114	1	5	11	117.477459
114	1	5	12	118.171740
114	1	5	13	116.681000
114	1	5	14	115.199253
114	1	5	15	117.271127
114	1	5	16	115.526526
114	1	5	17	116.047041
114	1	5	18	117.167600
114	1	5	19	116.328434
114	1	5	20	116.692330
114	1	5	21	117.113676
114	1	5	22	116.171435
114	1	5	23	112.203305
114	1	5	24	117.160675
114	1	5	25	116.896559
114	1	5	26	115.136229
114	1	5	27	115.678102
114	1	5	28	114.557557
114	1	5	29	116.604023
114	1	5	30	113.707149
114	1	5	31	117.126769
114	1	6	1	150.266139
114	1	6	2	146.198709
114	1	6	3	147.263272
114	1	6	4	158.248408
114	1	6	5	159.840063
114	1	6	6	162.817697
114	1	6	7	164.974045
114	1	6	8	163.610439
114	1	6	9	163.119552
114	1	6	10	119.646308
114	1	6	11	117.931244
114	1	6	12	117.548371
114	1	6	13	115.995845
114	1	6	14	116.582154
114	1	6	15	115.784599
114	1	6	16	116.877617
114	1	6	17	117.720290
114	1	6	18	116.463391
114	1	6	19	119.196719
114	1	6	20	118.448170
114	1	6	21	118.409143
114	1	6	22	120.529206
114	1	6	23	118.439007
114	1	6	24	117.389810
114	1	6	25	118.428862
114	1	6	26	117.935534
114	1	6	27	126.097014
114	1	6	28	117.842203
114	1	6	29	117.349463
114	1	6	30	117.026486
114	1	6	31	116.589515
114	1	7	1	149.657295
114	1	7	2	143.668739
114	1	7	3	148.341306
114	1	7	4	167.755133
114	1	7	5	162.113936
114	1	7	6	161.094522
114	1	7	7	163.358122
114	1	7	8	160.794601
114	1	7	9	164.735853
114	1	7	10	112.377990
114	1	7	11	117.414427
114	1	7	12	115.242062
114	1	7	13	117.724023
114	1	7	14	115.866876
114	1	7	15	116.818232
114	1	7	16	117.376273
114	1	7	17	117.526788
114	1	7	18	117.646071
114	1	7	19	116.893665
114	1	7	20	116.860872
114	1	7	21	115.376718
114	1	7	22	116.818348
114	1	7	23	116.195610
114	1	7	24	117.531134
114	1	7	25	116.422135
114	1	7	26	117.052744
114	1	7	27	117.175134
114	1	7	28	116.810792
114	1	7	29	117.469072
114	1	7	30	116.528482
114	1	7	31	117.313962
114	1	8	1	152.626858
114	1	8	2	147.967327
114	1	8	3	145.760553
114	1	8	4	162.369231
114	1	8	5	161.977525
114	1	8	6	163.603971
114	1	8	7	162.561802
114	1	8	8	158.756056
114	1	8	9	159.790849
114	1	8	10	118.661433
114	1	8	11	114.478490
114	1	8	12	116.432127
114	1	8	13	115.745884
114	1	8	14	116.470142
114	1	8	15	116.262895
114	1	8	16	117.210061
114	1	8	17	116.524667
114	1	8	18	115.672911
114	1	8	19	118.234067
114	1	8	20	117.734561
114	1	8	21	118.255393
114	1	8	22	117.904502
114	1	8	23	118.023143
114	1	8	24	119.118381
114	1	8	25	118.833991
114	1	8	26	117.355179
114	1	8	27	116.305168
114	1	8	28	117.548004
114	1	8	29	116.324945
114	1	8	30	117.043192
114	1	8	31	117.897691
114	1	9	1	157.652405
114	1	9	2	144.292261
114	1	9	3	145.421738
114	1	9	4	159.738050
114	1	9	5	161.499630
114	1	9	6	161.499630
114	1	9	7	159.402992
114	1	9	8	157.519334
114	1	9	9	162.900224
114	1	9	10	115.907833
114	1	9	11	116.062787
114	1	9	12	114.709771
114	1	9	13	116.358102
114	1	9	14	115.037605
114	1	9	15	116.270729
114	1	9	16	117.711100
114	1	9	17	125.839117
114	1	9	18	115.771348
114	1	9	19	117.528073
114	1	9	20	119.009123
114	1	9	21	118.351732
114	1	9	22	118.702126
114	1	9	23	119.364310
114	1	9	24	116.252221
114	1	9	25	114.777346
114	1	9	26	115.044646
114	1	9	27	116.458348
114	1	9	28	117.253963
114	1	9	29	118.031013
114	1	9	30	117.894049
114	1	9	31	119.009184
114	1	10	1	151.381138
114	1	10	2	144.327615
114	1	10	3	144.108900
114	1	10	4	163.926290
114	1	10	5	165.499376
114	1	10	6	165.461754
114	1	10	7	167.067275
114	1	10	8	166.702190
114	1	10	9	163.402254
114	1	10	10	118.159057
114	1	10	11	116.399124
114	1	10	12	119.351769
114	1	10	13	116.434391
114	1	10	14	118.177805
114	1	10	15	118.012999
114	1	10	16	116.887714
114	1	10	17	116.004704
114	1	10	18	117.134833
114	1	10	19	116.865500
114	1	10	20	117.655298
114	1	10	21	116.673921
114	1	10	22	117.125206
114	1	10	23	118.083804
114	1	10	24	117.116475
114	1	10	25	118.464884
114	1	10	26	119.638844
114	1	10	27	117.097115
114	1	10	28	116.424453
114	1	10	29	116.993731
114	1	10	30	116.493686
114	1	10	31	117.711455
114	1	11	1	152.008543
114	1	11	2	147.220211
114	1	11	3	147.842109
114	1	11	4	160.305058
114	1	11	5	164.260968
114	1	11	6	159.761412
114	1	11	7	159.948346
114	1	11	8	161.608285
114	1	11	9	161.603157
114	1	11	10	118.663127
114	1	11	11	117.522180
114	1	11	12	115.984317
114	1	11	13	117.185647
114	1	11	14	116.764281
114	1	11	15	119.165430
114	1	11	16	118.785638
114	1	11	17	115.932334
114	1	11	18	118.112556
114	1	11	19	118.100390
114	1	11	20	117.547135
114	1	11	21	118.588799
114	1	11	22	118.356237
114	1	11	23	118.435885
114	1	11	24	117.624420
114	1	11	25	118.437673
114	1	11	26	117.551790
114	1	11	27	117.632175
114	1	11	28	118.298658
114	1	11	29	117.797466
114	1	11	30	117.680305
114	1	11	31	116.819928
114	1	12	1	148.881296
114	1	12	2	145.705875
114	1	12	3	141.426732
114	1	12	4	162.149210
114	1	12	5	160.056721
114	1	12	6	162.794227
114	1	12	7	163.437488
114	1	12	8	164.916090
114	1	12	9	161.877844
114	1	12	10	120.954702
114	1	12	11	117.876687
114	1	12	12	119.083873
114	1	12	13	118.851359
114	1	12	14	119.914401
114	1	12	15	119.214953
114	1	12	16	116.879951
114	1	12	17	114.340318
114	1	12	18	118.903229
114	1	12	19	116.780451
114	1	12	20	118.155680
114	1	12	21	116.374598
114	1	12	22	117.924217
114	1	12	23	116.616845
114	1	12	24	118.537340
114	1	12	25	116.897942
114	1	12	26	117.768589
114	1	12	27	117.563522
114	1	12	28	116.245080
114	1	12	29	118.141423
114	1	12	30	116.562848
114	1	12	31	116.295114